3-21G 9 5
0 1   0.987093   0.099358   0.000000   0.000000   0.000001
     -0.072303   0.000000   0.000000  -0.000006
0 1  -0.104458   0.101228  -0.152877   0.264790  -0.108088
      0.306713  -0.126558   0.219205  -0.089474
0 1   0.104458  -0.101228  -0.305753   0.000000   0.108088
     -0.306713  -0.253116   0.000000   0.089474
0 1  -0.104458   0.101228  -0.152877  -0.264790  -0.108088
      0.306713  -0.126558  -0.219205  -0.089474
1 0  -0.104439   0.101202   0.000000   0.000000   0.324305
      0.306676   0.000000   0.000000   0.268499
