6-31G* 15 5
0  1   0.995621   0.028507   0.000000   0.000000   0.000000
      -0.013353   0.000000   0.000000  -0.000001  -0.002076
      -0.002076  -0.002076   0.000000   0.000000   0.000000
0  1   0.097077  -0.179454   0.178051   0.308393   0.125888
      -0.181305   0.093381   0.161741   0.066029   0.000102
      -0.020671   0.005300  -0.020773  -0.008476  -0.014681
0  1   0.097077  -0.179454  -0.356101   0.000000   0.125888
      -0.181304  -0.186762   0.000000   0.066030  -0.031058
       0.010489   0.005300   0.000000   0.016952   0.000000
0  1   0.097077  -0.179454   0.178051  -0.308393   0.125888
      -0.181304   0.093381  -0.161741   0.066029   0.000102
      -0.020672   0.005300   0.020773  -0.008476   0.014681
1  0  -0.097061   0.179413   0.000000   0.000000   0.377708
       0.181288   0.000000   0.000000   0.198114  -0.010489
      -0.010489   0.036248   0.000000   0.000000   0.000000
