6-31G 9 5
0  1   0.996141   0.025556   0.000000   0.000000   0.000000
      -0.016599   0.000000   0.000000  -0.000001  
0  1   0.098602  -0.186961   0.178556   0.309268   0.126243  
      -0.191237   0.090345   0.156482   0.063879
0  1   0.098602  -0.186961  -0.357111   0.000000   0.126243
      -0.191237  -0.180690   0.000000   0.063879  
0  1   0.098602  -0.186961   0.178556  -0.309268   0.126243
      -0.191237   0.090345  -0.156482   0.063879  
1  0  -0.098585   0.186917   0.000000   0.000000   0.378781
       0.191225   0.000000   0.000000   0.191676  
