cc-pVDZ 15 5
0  1  -1.002287  -0.004723   0.008201   0.000000   0.000000
       0.000000   0.000000   0.000000   0.000000   0.000000
       0.000000   0.000000   0.000000   0.000000   0.000000
0  1   0.014669  -0.182971  -0.118964   0.172773  -0.299251
       0.122161   0.080765  -0.139890   0.057122   0.003900
      -0.011702   0.007802   0.015603  -0.006367   0.011028
0  1  -0.014669   0.182971   0.118964   0.345545   0.000000
      -0.122162   0.161531   0.000000  -0.057122   0.019504
      -0.011702  -0.007802   0.000000  -0.012734   0.000000
0  1   0.014669  -0.182971  -0.118964   0.172773   0.299251
       0.122162   0.080766   0.139890   0.057122   0.003900
      -0.011702   0.007802  -0.015603  -0.006367  -0.011028
1  0   0.014668  -0.182944  -0.118933   0.000000   0.000000
      -0.366513   0.000000   0.000000  -0.171351   0.011703
       0.011703  -0.023407   0.000000   0.000000   0.000000
