pcseg-1 15 5
0 1  -0.995147  -0.023371   0.010483   0.000000   0.000000
     -0.000000   0.000000   0.000000   0.000000  -0.000000
     -0.000000   0.000000   0.000000   0.000000   0.000000
0 1   0.103464  -0.197141  -0.128015   0.177216   0.306946
      0.125302   0.089366   0.154786   0.063201   0.003585
     -0.010758   0.007173  -0.014343  -0.005853  -0.010137
0 1   0.103464  -0.197141  -0.128015  -0.354431  -0.000000
      0.125302  -0.178732  -0.000000   0.063201  -0.017929
      0.010756   0.007173   0.000000   0.011705   0.000000
0 1   0.103464  -0.197141  -0.128015   0.177216  -0.306946
      0.125302   0.089366  -0.154786   0.063201   0.003585
     -0.010758   0.007173   0.014343  -0.005853   0.010137
1 0   0.103448  -0.197106  -0.127988  -0.000000  -0.000000
     -0.375940  -0.000000  -0.000000  -0.189593   0.010758
      0.010758  -0.021515   0.000000   0.000000   0.000000
