pcseg-0 9 5
0 1  -0.986995  -0.048472   0.042081   0.000000   0.000000
     -0.000000   0.000000   0.000000   0.000000
0 1  -0.126759   0.220414   0.188787  -0.143763   0.249004
     -0.101655  -0.148007   0.256356  -0.104656
0 1   0.126759  -0.220413  -0.188787  -0.287525   0.000000
      0.101655  -0.296015   0.000000   0.104656
0 1  -0.126759   0.220414   0.188787  -0.143763  -0.249004
     -0.101655  -0.148007  -0.256356  -0.104655
1 0  -0.126758   0.220410   0.188786   0.000000   0.000000
      0.304970   0.000000   0.000000   0.313971
